
   The initial value of RHO is 5.000000E-01  and PARMU is set to zero.

   NFVALS =       1   F = 0.000000E+00    MAXCV = 3.500000E+00
   X = 0.000000E+00
