 RSF=  1   RA=  1.0000000E+00   TF=  7.5703226E+02   OF=  6.9565848E+02
 RSF=  2   RA=  1.0000000E-01   TF=  7.0985472E+02   OF=  6.9074934E+02
